#! FIELDS t file.free der_t
#! SET min_t -pi
#! SET max_t pi
#! SET nbins_t  178
#! SET periodic_t true
   -3.141592654 -703.053466401   -0.845276555
   -3.106293860 -702.942569444    6.992088426
   -3.070995066 -702.554113780   15.232183833
   -3.035696272 -701.880062105   23.159982116
   -3.000397478 -700.913802364   31.487363814
   -2.965098684 -699.670456148   39.067323838
   -2.929799890 -698.148665678   46.937095391
   -2.894501097 -696.349654878   54.989603475
   -2.859202303 -694.304716392   61.283327139
   -2.823903509 -692.028162008   67.705524512
   -2.788604715 -689.528045031   73.815335737
   -2.753305921 -686.813813564   80.523064227
   -2.718007127 -683.836612618   88.371668379
   -2.682708333 -680.591678647   95.498285394
   -2.647409540 -677.124166854  100.992246487
   -2.612110746 -673.470812023  105.833492254
   -2.576811952 -669.648135442  110.506354410
   -2.541513158 -665.639605784  116.810477359
   -2.506214364 -661.400492924  123.591177443
   -2.470915570 -656.926306767  129.972671841
   -2.435616776 -652.230700895  135.834786058
   -2.400317983 -647.329001363  141.611332464
   -2.365019189 -642.258766923  145.957138204
   -2.329720395 -637.030603370  150.589857224
   -2.294421601 -631.612186653  156.878906661
   -2.259122807 -625.956374520  163.796174037
   -2.223824013 -620.065717291  169.255574192
   -2.188525219 -614.067558327  169.250082546
   -2.153226425 -608.197819481  162.922695592
   -2.117927632 -602.584355218  155.370764891
   -2.082628838 -597.214592606  149.647337157
   -2.047330044 -591.991183274  146.316932829
   -2.012031250 -586.921233691  139.685846253
   -1.976732456 -582.257908503  122.345535642
   -1.941433662 -578.425978142   93.306975852
   -1.906134868 -575.680073382   62.651083971
   -1.870836075 -573.892670749   40.598930647
   -1.835537281 -572.613901688   34.210481669
   -1.800238487 -571.373055113   37.653045603
   -1.764939693 -569.949536295   43.209583853
   -1.729640899 -568.368185546   45.508354511
   -1.694342105 -566.783457234   43.665500704
   -1.659043311 -565.330995277   38.674759013
   -1.623744518 -564.019897381   35.596268658
   -1.588445724 -562.753086286   36.797805203
   -1.553146930 -561.408702510   39.144220282
   -1.517848136 -560.020738995   38.788639302
   -1.482549342 -558.700146253   35.724985019
   -1.447250548 -557.495293558   32.974062655
   -1.411951754 -556.307139749   35.188449593
   -1.376652961 -554.941587829   42.873705492
   -1.341354167 -553.307834704   48.761213141
   -1.306055373 -551.639025548   43.153490516
   -1.270756579 -550.472225700   20.463731029
   -1.235457785 -550.344109917  -13.505456486
   -1.200158991 -551.371290042  -43.531450667
   -1.164860197 -553.253342919  -60.709172364
   -1.129561404 -555.499479988  -65.451942048
   -1.094262610 -557.844974036  -67.226348582
   -1.058963816 -560.288083937  -71.464736418
   -1.023665022 -562.953264687  -79.772283843
   -0.988366228 -565.918073966  -87.752258488
   -0.953067434 -569.109173478  -92.139634306
   -0.917768640 -572.337037343  -90.166495156
   -0.882469847 -575.426857258  -84.391684544
   -0.847171053 -578.312255001  -79.079434504
   -0.811872259 -581.029243706  -75.116699539
   -0.776573465 -583.627826496  -72.471827252
   -0.741274671 -586.163265323  -70.919040275
   -0.705975877 -588.619574448  -68.052504492
   -0.670677083 -590.915247738  -61.577666659
   -0.635378289 -592.970557172  -54.952701782
   -0.600079496 -594.800194856  -48.607451350
   -0.564780702 -596.426006269  -43.408527343
   -0.529481908 -597.883332851  -38.532413354
   -0.494183114 -599.152379545  -33.154273862
   -0.458884320 -600.223751162  -27.462955398
   -0.423585526 -601.104942321  -23.311251953
   -0.388286732 -601.877499690  -20.734832945
   -0.352987939 -602.548697151  -16.883622257
   -0.317689145 -603.055685928  -11.489780447
   -0.282390351 -603.360490118   -6.082195477
   -0.247091557 -603.510779386   -2.921102897
   -0.211792763 -603.596095740   -1.914644219
   -0.176493969 -603.618204682    1.507203641
   -0.141195175 -603.420384984   11.067883949
   -0.105896382 -602.796882078   24.034458941
   -0.070597588 -601.788603445   30.893213465
   -0.035298794 -600.783167329   23.793495870
   -0.000000000 -600.253053773    4.627714674
    0.035298794 -600.456310977  -14.638153103
    0.070597588 -601.184741604  -23.956910901
    0.105896382 -601.984733596  -19.074922922
    0.141195175 -602.494725893   -9.918338690
    0.176493969 -602.715244006   -3.456974065
    0.211792763 -602.786743028   -0.601690493
    0.247091557 -602.765689483    2.399342908
    0.282390351 -602.575927907    8.470167759
    0.317689145 -602.150602020   15.420253794
    0.352987939 -601.489717729   21.732602509
    0.388286732 -600.636826521   26.304967955
    0.423585526 -599.652163700   29.625598187
    0.458884320 -598.540912117   33.665564554
    0.494183114 -597.268507580   38.497789400
    0.529481908 -595.826407521   42.816180246
    0.564780702 -594.234389125   47.050227176
    0.600079496 -592.507233406   50.567868126
    0.635378289 -590.641096024   55.057662578
    0.670677083 -588.618187288   59.814685221
    0.705975877 -586.427302768   63.812450951
    0.741274671 -584.069391047   70.202138530
    0.776573465 -581.488189596   76.220860978
    0.811872259 -578.705177645   81.351455034
    0.847171053 -575.811357731   82.038490818
    0.882469847 -572.887117961   83.602849638
    0.917768640 -569.875670852   87.477664686
    0.953067434 -566.711705065   91.411409714
    0.988366228 -563.491242218   89.656446881
    1.023665022 -560.486486316   79.961329592
    1.058963816 -557.855740270   69.747389916
    1.094262610 -555.502369495   64.895825990
    1.129561404 -553.206355996   65.876983049
    1.164860197 -550.895374344   63.743510483
    1.200158991 -548.917039395   45.308093899
    1.235457785 -547.870970282   12.300863788
    1.270756579 -548.064094575  -22.326661749
    1.306055373 -549.259621059  -42.807001246
    1.341354167 -550.857344342  -45.257671521
    1.376652961 -552.344469865  -38.797635789
    1.411951754 -553.631045016  -34.938749309
    1.447250548 -554.841926790  -34.209146926
    1.482549342 -556.084712830  -36.258061146
    1.517848136 -557.384905016  -37.049128225
    1.553146930 -558.688213441  -36.806700836
    1.588445724 -559.959544995  -35.429145764
    1.623744518 -561.186891447  -34.021743129
    1.659043311 -562.394112663  -34.585861385
    1.694342105 -563.648289896  -36.398514407
    1.729640899 -564.963777704  -37.682944805
    1.764939693 -566.279916597  -36.377343468
    1.800238487 -567.487624032  -31.705267877
    1.835537281 -568.511385850  -27.215690393
    1.870836075 -569.532857796  -32.877006252
    1.906134868 -571.038484412  -55.042823183
    1.941433662 -573.552250456  -88.575990758
    1.976732456 -577.284741222 -121.535507173
    2.012031250 -581.973590928 -142.140233739
    2.047330044 -587.157020068 -149.684989520
    2.082628838 -592.479338522 -152.473840403
    2.117927632 -597.955875852 -158.379454888
    2.153226425 -603.701600400 -167.346642232
    2.188525219 -609.770140484 -175.526222923
    2.223824013 -616.015120106 -176.879829749
    2.259122807 -622.177828558 -171.626833329
    2.294421601 -628.104208324 -164.231965302
    2.329720395 -633.806187237 -158.743491879
    2.365019189 -639.357921307 -155.685626821
    2.400317983 -644.784510234 -151.267391933
    2.435616776 -650.023692328 -145.501161230
    2.470915570 -655.038419865 -138.685757654
    2.506214364 -659.832086821 -132.830967343
    2.541513158 -664.419325840 -127.451207563
    2.576811952 -668.819704498 -121.552373481
    2.612110746 -672.991593974 -114.617043522
    2.647409540 -676.901321728 -106.994022795
    2.682708333 -680.537233066  -98.797987714
    2.718007127 -683.895540772  -91.592691130
    2.753305921 -686.989425381  -83.826475854
    2.788604715 -689.803950580  -76.244906556
    2.823903509 -692.375354040  -69.209329032
    2.859202303 -694.685528821  -61.693069493
    2.894501097 -696.738370447  -54.183948548
    2.929799890 -698.509585197  -45.871509491
    2.965098684 -699.959033207  -36.410394260
    3.000397478 -701.078624739  -27.712613528
    3.035696272 -701.928790524  -20.320021939
    3.070995066 -702.531223797  -13.774312388
    3.106293860 -702.906165681   -7.564324144