#! FIELDS t file.free der_t
#! SET min_t -pi
#! SET max_t pi
#! SET nbins_t  178
#! SET periodic_t true
   -3.141592654 -730.022373920    0.185648480
   -3.106293860 -729.817985785   11.397708546
   -3.070995066 -729.227400802   21.664576649
   -3.035696272 -728.297566983   30.896996802
   -3.000397478 -727.072802452   38.788500736
   -2.965098684 -725.542155906   48.355448603
   -2.929799890 -723.644681633   59.283084435
   -2.894501097 -721.351216901   70.585053048
   -2.859202303 -718.682343058   79.967561781
   -2.823903509 -715.710720253   88.476620237
   -2.788604715 -712.439920310   96.999031270
   -2.753305921 -708.879819650  104.814908881
   -2.718007127 -705.012995052  114.209204812
   -2.682708333 -700.824383340  122.617666641
   -2.647409540 -696.348641354  130.701951181
   -2.612110746 -691.590741774  138.440373926
   -2.576811952 -686.559965731  146.557824659
   -2.541513158 -681.246840664  154.631626902
   -2.506214364 -675.635695940  163.361468780
   -2.470915570 -669.718458173  171.677283063
   -2.435616776 -663.502094661  179.961722728
   -2.400317983 -657.012516450  187.626380601
   -2.365019189 -650.263366763  194.520375877
   -2.329720395 -643.300746119  199.708959902
   -2.294421601 -636.186525664  203.477843220
   -2.259122807 -628.957833453  205.642206665
   -2.223824013 -621.698290908  204.998267756
   -2.188525219 -614.528930972  199.976374178
   -2.153226425 -607.654881640  189.187266462
   -2.117927632 -601.169654444  178.243291514
   -2.082628838 -595.012714495  171.086035964
   -2.047330044 -589.054581657  167.143559495
   -2.012031250 -583.213431450  163.032866666
   -1.976732456 -577.648082271  150.113878469
   -1.941433662 -572.752871895  125.184613275
   -1.906134868 -568.927204918   91.286252676
   -1.870836075 -566.239762937   62.632441722
   -1.835537281 -564.324956552   48.754278562
   -1.800238487 -562.626161854   49.027765204
   -1.764939693 -560.807512887   54.372973350
   -1.729640899 -558.797088954   58.807672019
   -1.694342105 -556.722830292   58.279864194
   -1.659043311 -554.719498318   55.313532323
   -1.623744518 -552.809495502   53.841251839
   -1.588445724 -550.873412713   56.750812245
   -1.553146930 -548.794058188   61.032045040
   -1.517848136 -546.589814130   63.237952878
   -1.482549342 -544.373835504   61.135153484
   -1.447250548 -542.275678041   58.269642094
   -1.411951754 -540.206897777   59.380221277
   -1.376652961 -537.979840640   67.307033114
   -1.341354167 -535.468796719   74.212090999
   -1.306055373 -532.895945804   68.803373736
   -1.270756579 -530.867659183   42.637924205
   -1.235457785 -530.042769872    3.086538383
   -1.200158991 -530.595294282  -32.353732512
   -1.164860197 -532.104851107  -49.883916311
   -1.129561404 -533.934800982  -52.483826461
   -1.094262610 -535.761112482  -51.342977714
   -1.058963816 -537.640786712  -56.408576338
   -1.023665022 -539.782746053  -65.045307141
   -0.988366228 -542.246662624  -74.554649129
   -0.953067434 -545.017075819  -81.488262888
   -0.917768640 -547.977111797  -85.497581210
   -0.882469847 -551.037177549  -87.305872570
   -0.847171053 -554.119404175  -86.675802116
   -0.811872259 -557.115484834  -82.657437431
   -0.776573465 -559.958461121  -78.521878672
   -0.741274671 -562.646350969  -74.156157833
   -0.705975877 -565.214678433  -71.406488751
   -0.670677083 -567.643269359  -66.073678611
   -0.635378289 -569.845320794  -58.243014682
   -0.600079496 -571.736992394  -49.054280494
   -0.564780702 -573.347127971  -43.022568043
   -0.529481908 -574.829390346  -41.544547125
   -0.494183114 -576.287775809  -41.368724108
   -0.458884320 -577.688950800  -37.340095147
   -0.423585526 -578.906486316  -31.272170965
   -0.388286732 -579.878581532  -23.671788577
   -0.352987939 -580.614396611  -18.165091175
   -0.317689145 -581.157065431  -12.856366066
   -0.282390351 -581.546117070   -9.634462213
   -0.247091557 -581.836039919   -6.480861073
   -0.211792763 -582.020482487   -3.803254662
   -0.176493969 -582.074376973    0.823641622
   -0.141195175 -581.934559165    7.808214170
   -0.105896382 -581.474651591   17.686504280
   -0.070597588 -580.730485169   23.739109621
   -0.035298794 -579.903742061   20.828241576
   -0.000000000 -579.389881282    6.597394348
    0.035298794 -579.462105589  -10.445772287
    0.070597588 -580.034358611  -19.931862257
    0.105896382 -580.731082892  -17.743889543
    0.141195175 -581.206381788   -8.498543183
    0.176493969 -581.339768307    0.386667766
    0.211792763 -581.201024093    6.881353300
    0.247091557 -580.885306144   11.293197123
    0.282390351 -580.415674525   15.582845963
    0.317689145 -579.758295968   21.603027111
    0.352987939 -578.905191788   26.525481343
    0.388286732 -577.886616828   30.997222891
    0.423585526 -576.739754672   34.416636392
    0.458884320 -575.429479429   40.177579862
    0.494183114 -573.904756985   46.245538663
    0.529481908 -572.167309405   51.665990263
    0.564780702 -570.287169081   54.783011242
    0.600079496 -568.294959908   57.455200433
    0.635378289 -566.212227095   60.764634643
    0.670677083 -563.981694471   65.644315160
    0.705975877 -561.571668163   70.488191425
    0.741274671 -558.991324454   75.390603852
    0.776573465 -556.238601545   80.594992715
    0.811872259 -553.304763982   85.593248972
    0.847171053 -550.205543384   90.230662323
    0.882469847 -546.960018998   93.056895042
    0.917768640 -543.653921388   93.275887960
    0.953067434 -540.440446064   88.407502226
    0.988366228 -537.477521327   78.797977920
    1.023665022 -534.883847470   68.026115519
    1.058963816 -532.663488168   58.574538380
    1.094262610 -530.663580396   56.076550149
    1.129561404 -528.674024514   56.611527044
    1.164860197 -526.710511261   52.414516363
    1.200158991 -525.152441717   32.734844756
    1.235457785 -524.584305574   -2.604043985
    1.270756579 -525.384847779  -41.834755293
    1.306055373 -527.369914869  -67.885090246
    1.341354167 -529.954669719  -75.439182410
    1.376652961 -532.522463976  -69.117764015
    1.411951754 -534.846083752  -63.270330032
    1.447250548 -537.056844947  -62.756837520
    1.482549342 -539.321040307  -66.103663469
    1.517848136 -541.719428353  -69.173723183
    1.553146930 -544.148465218  -67.094513442
    1.588445724 -546.420886520  -61.413409683
    1.623744518 -548.506286901  -57.323693218
    1.659043311 -550.541260938  -58.735089304
    1.694342105 -552.696272121  -63.115942041
    1.729640899 -554.949596761  -63.971687173
    1.764939693 -557.161161692  -60.072887793
    1.800238487 -559.150216518  -52.520422731
    1.835537281 -560.945670434  -51.809265075
    1.870836075 -562.979268383  -66.293314910
    1.906134868 -565.815253240  -96.481611490
    1.941433662 -569.846736473 -131.482900887
    1.976732456 -574.993968379 -158.011718832
    2.012031250 -580.840602782 -171.047398270
    2.047330044 -586.940223730 -173.393999124
    2.082628838 -593.062453300 -174.003896830
    2.117927632 -599.281183743 -179.093820964
    2.153226425 -605.758266923 -188.512781616
    2.188525219 -612.619466023 -200.008936677
    2.223824013 -619.845752149 -208.692482429
    2.259122807 -627.285659484 -211.390383258
    2.294421601 -634.728983416 -209.164343322
    2.329720395 -641.998984354 -202.230114908
    2.365019189 -649.000651245 -194.206349797
    2.400317983 -655.705999013 -185.766666742
    2.435616776 -662.141117729 -179.069950262
    2.470915570 -668.370798494 -173.566210406
    2.506214364 -674.400019816 -167.944747996
    2.541513158 -680.185132987 -159.961938246
    2.576811952 -685.676263324 -151.075493190
    2.612110746 -690.862272352 -142.715104670
    2.647409540 -695.744535264 -133.922156475
    2.682708333 -700.326463785 -125.751356238
    2.718007127 -704.623520561 -117.531304858
    2.753305921 -708.598828849 -107.715337291
    2.788604715 -712.208443497  -96.473770162
    2.823903509 -715.436293477  -86.804173307
    2.859202303 -718.348950281  -78.595448627
    2.894501097 -720.972536931  -70.103752224
    2.929799890 -723.299212972  -61.926522542
    2.965098684 -725.304650402  -51.732839599
    3.000397478 -726.962979274  -41.919122151
    3.035696272 -728.255260816  -31.783314884
    3.070995066 -729.217090975  -22.513510398
    3.106293860 -729.821767840  -11.468886576