#! FIELDS t file.free der_t
#! SET min_t -pi
#! SET max_t pi
#! SET nbins_t  178
#! SET periodic_t true
   -3.141592654 -701.551984173   -2.013925003
   -3.106293860 -701.459676837    6.746845604
   -3.070995066 -701.071216649   14.997643534
   -3.035696272 -700.395238474   22.996607097
   -3.000397478 -699.431043368   31.660324247
   -2.965098684 -698.167135324   40.038768347
   -2.929799890 -696.593691881   48.562631763
   -2.894501097 -694.736449925   56.408048604
   -2.859202303 -692.635147644   62.606258125
   -2.823903509 -690.318131099   68.914592236
   -2.788604715 -687.761222966   76.001340904
   -2.753305921 -684.931309766   84.305430196
   -2.718007127 -681.784482539   93.968513998
   -2.682708333 -678.300875773  103.251798778
   -2.647409540 -674.524946683  110.264533900
   -2.612110746 -670.522160210  116.302689090
   -2.576811952 -666.341350954  120.502403004
   -2.541513158 -662.029740987  124.362275300
   -2.506214364 -657.552600795  129.764382391
   -2.470915570 -652.859204888  136.523293296
   -2.435616776 -647.907730298  143.871475177
   -2.400317983 -642.724540211  149.611294078
   -2.365019189 -637.359209108  153.924211784
   -2.329720395 -631.867223648  156.851602666
   -2.294421601 -626.284120907  159.480230422
   -2.259122807 -620.609165049  161.949390209
   -2.223824013 -614.865400703  162.614012930
   -2.188525219 -609.144629957  160.468223293
   -2.153226425 -603.579747403  154.187087318
   -2.117927632 -598.281595480  146.366265139
   -2.082628838 -593.223844349  140.630186420
   -2.047330044 -588.345554594  135.312342502
   -2.012031250 -583.717051842  125.433818164
   -1.976732456 -579.604370328  105.131460586
   -1.941433662 -576.429846976   73.778109689
   -1.906134868 -574.388543247   42.771286144
   -1.870836075 -573.287500693   22.113905249
   -1.835537281 -572.645094607   16.625073634
   -1.800238487 -571.979590015   22.390944768
   -1.764939693 -571.071352680   28.850810193
   -1.729640899 -570.002425183   30.901926730
   -1.694342105 -568.956140609   27.838301075
   -1.659043311 -568.051170877   23.151509570
   -1.623744518 -567.283790444   20.892044014
   -1.588445724 -566.497365135   24.101022493
   -1.553146930 -565.544047784   29.900594190
   -1.517848136 -564.400326167   34.252791447
   -1.482549342 -563.168175875   35.022577442
   -1.447250548 -561.961025856   33.013614334
   -1.411951754 -560.807708512   32.954586407
   -1.376652961 -559.570273298   38.140913155
   -1.341354167 -558.105304419   44.472391415
   -1.306055373 -556.542611868   41.823270076
   -1.270756579 -555.367011474   22.104256302
   -1.235457785 -555.135388513   -9.967996894
   -1.200158991 -556.070983696  -41.514079069
   -1.164860197 -557.907881799  -60.269335595
   -1.129561404 -560.149929505  -65.264910791
   -1.094262610 -562.448765421  -64.485470070
   -1.058963816 -564.760550566  -67.087553163
   -1.023665022 -567.226660893  -73.137676558
   -0.988366228 -569.934354081  -80.283729496
   -0.953067434 -572.861727310  -84.908580860
   -0.917768640 -575.880794233  -85.737355398
   -0.882469847 -578.854477188  -82.651497363
   -0.847171053 -581.699934284  -78.393136422
   -0.811872259 -584.381487221  -73.660546443
   -0.776573465 -586.913571294  -69.304694364
   -0.741274671 -589.303478082  -66.236582047
   -0.705975877 -591.582277551  -63.273751575
   -0.670677083 -593.756293011  -59.213900232
   -0.635378289 -595.774616533  -54.792857584
   -0.600079496 -597.628424796  -50.163575225
   -0.564780702 -599.308564862  -44.810520329
   -0.529481908 -600.807299049  -40.263524925
   -0.494183114 -602.167533548  -36.694018905
   -0.458884320 -603.372545158  -31.577225428
   -0.423585526 -604.385359549  -26.430692729
   -0.388286732 -605.261667086  -23.455153939
   -0.352987939 -606.031645362  -19.750414223
   -0.317689145 -606.649367526  -14.823596706
   -0.282390351 -607.068676586   -9.450968338
   -0.247091557 -607.322657790   -5.130748134
   -0.211792763 -607.447921426   -2.696525492
   -0.176493969 -607.479967215    1.279370441
   -0.141195175 -607.301604438    9.895273214
   -0.105896382 -606.732084857   22.074651534
   -0.070597588 -605.801434039   28.952411863
   -0.035298794 -604.849132278   22.167638440
   -0.000000000 -604.403601225    1.424440542
    0.035298794 -604.738854831  -19.339610709
    0.070597588 -605.649731599  -29.477011387
    0.105896382 -606.644471497  -24.785569823
    0.141195175 -607.285464679  -11.423522491
    0.176493969 -607.489248130   -0.982911738
    0.211792763 -607.433509655    3.172333813
    0.247091557 -607.282541432    5.383261963
    0.282390351 -607.027029949    9.050687907
    0.317689145 -606.612488470   14.776726708
    0.352987939 -605.962825177   21.832114592
    0.388286732 -605.102242822   26.864661495
    0.423585526 -604.100142352   30.064635466
    0.458884320 -602.965536155   34.767841464
    0.494183114 -601.616059556   41.273040158
    0.529481908 -600.022741808   48.770989065
    0.564780702 -598.181084822   55.064689253
    0.600079496 -596.146297882   59.772907005
    0.635378289 -593.953803096   64.366997887
    0.670677083 -591.620488782   67.335976291
    0.705975877 -589.210358588   68.754694352
    0.741274671 -586.731290012   71.389629212
    0.776573465 -584.189376618   73.181686571
    0.811872259 -581.538841059   76.810299082
    0.847171053 -578.735974415   82.199710700
    0.882469847 -575.716380855   89.320119415
    0.917768640 -572.474217838   94.044340474
    0.953067434 -569.140910468   93.309444385
    0.988366228 -565.949674437   86.218090838
    1.023665022 -563.081873225   76.272307277
    1.058963816 -560.543062842   68.245699379
    1.094262610 -558.195953186   65.863919786
    1.129561404 -555.873462245   65.982319645
    1.164860197 -553.597779800   61.243628996
    1.200158991 -551.703870986   43.127050030
    1.235457785 -550.705853843   11.929538285
    1.270756579 -550.869505206  -20.313202671
    1.306055373 -551.995856848  -40.722704789
    1.341354167 -553.534033136  -44.130965913
    1.376652961 -554.998244670  -37.888142067
    1.411951754 -556.215328812  -32.043187794
    1.447250548 -557.301374949  -30.751122226
    1.482549342 -558.435451016  -33.691731200
    1.517848136 -559.680559340  -36.448793296
    1.553146930 -560.965448972  -35.704182026
    1.588445724 -562.130656812  -30.330704809
    1.623744518 -563.103883785  -25.207129787
    1.659043311 -563.939453291  -23.337369086
    1.694342105 -564.784820018  -24.928542154
    1.729640899 -565.698091497  -26.112670205
    1.764939693 -566.614606002  -25.128259056
    1.800238487 -567.405878290  -19.099449694
    1.835537281 -567.990743181  -14.862126747
    1.870836075 -568.581595862  -21.616335388
    1.906134868 -569.706093275  -44.614938550
    1.941433662 -571.861139848  -78.413585136
    1.976732456 -575.198621370 -109.396013548
    2.012031250 -579.461332572 -129.798259942
    2.047330044 -584.208629155 -138.130682427
    2.082628838 -589.146791930 -141.994856137
    2.117927632 -594.285937449 -149.940868083
    2.153226425 -599.751307562 -160.187726777
    2.188525219 -605.570593620 -168.900089873
    2.223824013 -611.602347182 -171.870580571
    2.259122807 -617.642382054 -169.639616604
    2.294421601 -623.551033691 -165.521314497
    2.329720395 -629.323908235 -161.547460733
    2.365019189 -634.960972088 -157.701348596
    2.400317983 -640.457888914 -153.094984617
    2.435616776 -645.765838932 -147.257640021
    2.470915570 -650.871078176 -142.010874812
    2.506214364 -655.776666942 -136.194796396
    2.541513158 -660.495652087 -131.160884451
    2.576811952 -665.019850725 -125.140255202
    2.612110746 -669.323717397 -118.172627141
    2.647409540 -673.349113577 -110.317543738
    2.682708333 -677.094293006 -101.899435480
    2.718007127 -680.583074019  -95.740568589
    2.753305921 -683.846550106  -89.334969798
    2.788604715 -686.871522401  -82.461650228
    2.823903509 -689.664756375  -75.753804092
    2.859202303 -692.179509715  -66.642924172
    2.894501097 -694.362371239  -56.991836539
    2.929799890 -696.182421418  -46.826556619
    2.965098684 -697.675059317  -37.747866309
    3.000397478 -698.897308737  -31.772673766
    3.035696272 -699.930683952  -26.199076827
    3.070995066 -700.750466954  -19.713992118
    3.106293860 -701.310554779  -11.642986982