#! FIELDS t file.free der_t
#! SET min_t -pi
#! SET max_t pi
#! SET nbins_t  178
#! SET periodic_t true
   -3.141592654 -705.613944908   -1.379457241
   -3.106293860 -705.552364515    4.918140612
   -3.070995066 -705.279254416   11.106518355
   -3.035696272 -704.763435749   18.259893970
   -3.000397478 -703.988404957   25.739377118
   -2.965098684 -702.925661324   34.117319308
   -2.929799890 -701.584504108   41.694813997
   -2.894501097 -699.967925746   49.637583733
   -2.859202303 -698.092858411   57.087239688
   -2.823903509 -695.928327710   65.199039774
   -2.788604715 -693.492117655   72.356267623
   -2.753305921 -690.818266509   79.242147897
   -2.718007127 -687.888127722   86.896396582
   -2.682708333 -684.658238755   96.208631101
   -2.647409540 -681.094315863  105.889039633
   -2.612110746 -677.197466948  114.459866606
   -2.576811952 -673.016525463  122.237403126
   -2.541513158 -668.589534691  128.436633976
   -2.506214364 -663.939527958  135.201228373
   -2.470915570 -659.030533686  142.392229517
   -2.435616776 -653.894023581  148.335856137
   -2.400317983 -648.556748661  153.859813322
   -2.365019189 -643.077038748  156.729097262
   -2.329720395 -637.486819007  160.413794195
   -2.294421601 -631.721794834  166.648082081
   -2.259122807 -625.693413712  174.777105525
   -2.223824013 -619.443184398  178.499655852
   -2.188525219 -613.162797108  175.765402340
   -2.153226425 -607.125671847  166.074678955
   -2.117927632 -601.456859763  155.344930335
   -2.082628838 -596.079276903  150.231602517
   -2.047330044 -590.812796696  148.141539301
   -2.012031250 -585.677101150  140.888669112
   -1.976732456 -581.039954664  119.071883417
   -1.941433662 -577.453262426   83.347915654
   -1.906134868 -575.113107627   50.698247260
   -1.870836075 -573.708825699   32.082458013
   -1.835537281 -572.646836497   30.657084921
   -1.800238487 -571.434367881   38.499794112
   -1.764939693 -569.967924819   43.616453249
   -1.729640899 -568.394642050   44.647303978
   -1.694342105 -566.862422620   42.228072036
   -1.659043311 -565.421063031   40.375682418
   -1.623744518 -563.987500545   41.544048572
   -1.588445724 -562.474764465   44.209235131
   -1.553146930 -560.882321852   45.407580345
   -1.517848136 -559.299684282   43.755050511
   -1.482549342 -557.811356759   40.301948993
   -1.447250548 -556.450347322   37.311574769
   -1.411951754 -555.140827011   38.055055676
   -1.376652961 -553.695495897   44.587257606
   -1.341354167 -551.997262904   51.080294454
   -1.306055373 -550.201514610   47.819043841
   -1.270756579 -548.808805217   28.101658538
   -1.235457785 -548.402210576   -5.774488154
   -1.200158991 -549.177455858  -36.973289673
   -1.164860197 -550.867784760  -56.136261210
   -1.129561404 -552.963495824  -60.525682138
   -1.094262610 -555.105081230  -60.752179527
   -1.058963816 -557.303384493  -64.532562241
   -1.023665022 -559.719329260  -72.813071781
   -0.988366228 -562.452609502  -81.772395169
   -0.953067434 -565.422994537  -85.602022017
   -0.917768640 -568.453160901  -85.113675266
   -0.882469847 -571.412670395  -82.741785737
   -0.847171053 -574.283795651  -80.460194606
   -0.811872259 -577.066852062  -77.527256709
   -0.776573465 -579.734875022  -73.445496179
   -0.741274671 -582.239140987  -68.482590390
   -0.705975877 -584.556971113  -62.761406384
   -0.670677083 -586.664895369  -56.486971104
   -0.635378289 -588.562180984  -51.201009842
   -0.600079496 -590.266648813  -45.948009731
   -0.564780702 -591.818825556  -42.736402117
   -0.529481908 -593.290474043  -41.047106083
   -0.494183114 -594.678327372  -37.643143686
   -0.458884320 -595.924178488  -32.652060595
   -0.423585526 -596.972937751  -26.483363291
   -0.388286732 -597.806519586  -20.877449552
   -0.352987939 -598.423736634  -13.900477122
   -0.317689145 -598.794358955   -6.709503938
   -0.282390351 -598.947574267   -2.326273955
   -0.247091557 -598.969560405    0.688157318
   -0.211792763 -598.912075392    2.468583597
   -0.176493969 -598.778563725    5.560929551
   -0.141195175 -598.462318492   13.005881894
   -0.105896382 -597.804490535   23.853804363
   -0.070597588 -596.834523457   29.504552179
   -0.035298794 -595.855435852   23.511520665
   -0.000000000 -595.324314158    4.961055354
    0.035298794 -595.525001641  -15.376698719
    0.070597588 -596.278616083  -24.806947805
    0.105896382 -597.105343562  -20.418818917
    0.141195175 -597.656434231  -10.749483458
    0.176493969 -597.888663989   -3.517193990
    0.211792763 -597.967820019   -1.828352127
    0.247091557 -598.032663064   -1.627933888
    0.282390351 -598.043773050    1.869100364
    0.317689145 -597.873201737    8.232554798
    0.352987939 -597.435265919   16.510091898
    0.388286732 -596.754685361   21.575458892
    0.423585526 -595.957708299   23.741716125
    0.458884320 -595.061943208   27.271591071
    0.494183114 -593.995586963   33.620703169
    0.529481908 -592.676922074   41.296481474
    0.564780702 -591.093274085   48.251715996
    0.600079496 -589.312510975   51.979618942
    0.635378289 -587.462578134   52.960532032
    0.670677083 -585.561688442   54.862862041
    0.705975877 -583.572907262   57.725676630
    0.741274671 -581.461602469   62.002864141
    0.776573465 -579.177754304   67.084845729
    0.811872259 -576.718606225   72.305890692
    0.847171053 -574.086802786   76.870704713
    0.882469847 -571.284146933   81.680804604
    0.917768640 -568.327477568   85.449336637
    0.953067434 -565.306321114   84.360917906
    0.988366228 -562.409926344   78.611070455
    1.023665022 -559.787601356   69.907234581
    1.058963816 -557.465188980   62.431503042
    1.094262610 -555.322086222   59.587271667
    1.129561404 -553.244337011   57.778074944
    1.164860197 -551.325113414   48.752625729
    1.200158991 -549.959741139   26.524309043
    1.235457785 -549.561034670   -4.265603850
    1.270756579 -550.252999204  -33.227649219
    1.306055373 -551.734795135  -48.088648673
    1.341354167 -553.500575281  -49.276445138
    1.376652961 -555.116016921  -41.804486108
    1.411951754 -556.480157609  -36.656141122
    1.447250548 -557.745915645  -35.999271928
    1.482549342 -559.054742125  -38.256961964
    1.517848136 -560.424455599  -39.114819536
    1.553146930 -561.811344672  -38.712796512
    1.588445724 -563.154521591  -36.876130192
    1.623744518 -564.398043580  -33.794987848
    1.659043311 -565.587088776  -34.282663406
    1.694342105 -566.822495137  -36.250221830
    1.729640899 -568.125395961  -37.929462497
    1.764939693 -569.476016729  -37.719925451
    1.800238487 -570.730877524  -32.221478448
    1.835537281 -571.724260859  -24.578782987
    1.870836075 -572.550499130  -24.569792342
    1.906134868 -573.650261104  -40.710309691
    1.941433662 -575.635097885  -73.354546364
    1.976732456 -578.864738395 -108.653501824
    2.012031250 -583.165005908 -132.669103313
    2.047330044 -588.066440008 -142.449862591
    2.082628838 -593.160285981 -145.973983306
    2.117927632 -598.410875801 -152.645903732
    2.153226425 -603.960512351 -162.535009295
    2.188525219 -609.880799551 -172.022831691
    2.223824013 -616.034746779 -175.967238193
    2.259122807 -622.232530439 -173.816669013
    2.294421601 -628.284896885 -168.321093141
    2.329720395 -634.132923594 -163.118850988
    2.365019189 -639.824668985 -159.556570211
    2.400317983 -645.386348814 -155.209601559
    2.435616776 -650.757553249 -149.450174752
    2.470915570 -655.916159792 -142.988661008
    2.506214364 -660.871188732 -137.342634238
    2.541513158 -665.601086074 -131.006555964
    2.576811952 -670.112859539 -124.564055951
    2.612110746 -674.375302651 -117.098924414
    2.647409540 -678.401645375 -110.603948106
    2.682708333 -682.167846461 -103.258892368
    2.718007127 -685.683190708  -95.649783134
    2.753305921 -688.908895183  -87.029952979
    2.788604715 -691.822531329  -78.366582407
    2.823903509 -694.436952769  -69.820144224
    2.859202303 -696.744861823  -61.358079875
    2.894501097 -698.768181555  -53.557719328
    2.929799890 -700.530810616  -46.466583642
    2.965098684 -702.042337007  -39.276970520
    3.000397478 -703.310091901  -31.972988448
    3.035696272 -704.310214821  -24.450587746
    3.070995066 -705.026949103  -16.190690260
    3.106293860 -705.453931515   -8.254073911