 270.00000000 -671.47172485 
 273.10344828 -671.47155013 
 276.20689655 -671.47158635 
 279.31034483 -671.47182974 
 282.41379310 -671.47227696 
 285.51724138 -671.47292491 
 288.62068966 -671.47377123 
 291.72413793 -671.47481284 
 294.82758621 -671.47604711 
 297.93103448 -671.47747107 
 301.03448276 -671.47908092 
 304.13793103 -671.48087166 
 307.24137931 -671.48274328 
 310.34482759 -671.48449970 
 313.44827586 -671.48612644 
 316.55172414 -671.48761672 
 319.65517241 -671.48896505 
 322.75862069 -671.49016894 
 325.86206897 -671.49122170 
 328.96551724 -671.49212348 
 332.06896552 -671.49287312 
 335.17241379 -671.49347014 
 338.27586207 -671.49391434 
 341.37931034 -671.49420568 
 344.48275862 -671.49434425 
 347.58620690 -671.49433017 
 350.68965517 -671.49416367 
 353.79310345 -671.49384494 
 356.89655172 -671.49337413 
 360.00000000 -671.49275148 