 270.00000000 -671.47172485 
 266.89655172 -671.47211450 
 263.79310345 -671.47272334 
 260.68965517 -671.47355547 
 257.58620690 -671.47461472 
 254.48275862 -671.47590439 
 251.37931034 -671.47742688 
 248.27586207 -671.47918334 
 245.17241379 -671.48117365 
 242.06896552 -671.48339633 
 238.96551724 -671.48584838 
 235.86206897 -671.48852451 
 232.75862069 -671.49137239 
 229.65517241 -671.49414648 
 226.55172414 -671.49679974 
 223.44827586 -671.49932185 
 220.34482759 -671.50170572 
 217.24137931 -671.50394625 
 214.13793103 -671.50603464 
 211.03448276 -671.50795665 
 207.93103448 -671.50969942 
 204.82758621 -671.51125506 
 201.72413793 -671.51262203 
 198.62068966 -671.51380710 
 195.51724138 -671.51481540 
 192.41379310 -671.51563763 
 189.31034483 -671.51626836 
 186.20689655 -671.51671572 
 183.10344828 -671.51699103 
 180.00000000 -671.51708690 