 180.00000000 -572.35594365 
 183.05084746 -572.35587308 
 186.10169492 -572.35560503 
 189.15254237 -572.35514533 
 192.20338983 -572.35449544 
 195.25423729 -572.35366433 
 198.30508475 -572.35265393 
 201.35593220 -572.35145823 
 204.40677966 -572.35007282 
 207.45762712 -572.34849991 
 210.50847458 -572.34674689 
 213.55932203 -572.34482459 
 216.61016949 -572.34274465 
 219.66101695 -572.34051589 
 222.71186441 -572.33814387 
 225.76271186 -572.33563420 
 228.81355932 -572.33299512 
 231.86440678 -572.33023749 
 234.91525424 -572.32737360 
 237.96610169 -572.32441709 
 241.01694915 -572.32138170 
 244.06779661 -572.31828184 
 247.11864407 -572.31811386 
 250.16949153 -572.31634537 
 253.22033898 -572.31480236 
 256.27118644 -572.31348380 
 259.32203390 -572.31238731 
 262.37288136 -572.31150936 
 265.42372881 -572.31084529 
 268.47457627 -572.31039117 
 271.52542373 -572.31014093 
 274.57627119 -572.31009039 
 277.62711864 -572.31023467 
 280.67796610 -572.31056926 
 283.72881356 -572.31108997 
 286.77966102 -572.31179294 
 289.83050847 -572.31267456 
 292.88135593 -572.31373090 
 295.93220339 -572.31495796 
 298.98305085 -572.31635101 
 302.03389831 -572.31790432 
 305.08474576 -572.31961056 
 308.13559322 -572.32142340 
 311.18644068 -572.32314538 
 314.23728814 -572.32473861 
 317.28813559 -572.32619948 
 320.33898305 -572.32752420 
 323.38983051 -572.32870980 
 326.44067797 -572.32975410 
 329.49152542 -572.33065571 
 332.54237288 -572.33141405 
 335.59322034 -572.33202923 
 338.64406780 -572.33250170 
 341.69491525 -572.33283186 
 344.74576271 -572.33301970 
 347.79661017 -572.33306469 
 350.84745763 -572.33296594 
 353.89830508 -572.33272274 
 356.94915254 -572.33233457 
 360.00000000 -572.33180098 