 270.00000000 -671.47697883 
 266.89655172 -671.47734370 
 263.79310345 -671.47767022 
 260.68965517 -671.47795713 
 257.58620690 -671.47820007 
 254.48275862 -671.47839553 
 251.37931034 -671.47854226 
 248.27586207 -671.47864048 
 245.17241379 -671.47869118 
 242.06896552 -671.47869620 
 238.96551724 -671.47865787 
 235.86206897 -671.47857806 
 232.75862069 -671.47845599 
 229.65517241 -671.47828949 
 226.55172414 -671.47807612 
 223.44827586 -671.47781474 
 220.34482759 -671.47750606 
 217.24137931 -671.47715287 
 214.13793103 -671.47676017 
 211.03448276 -671.47633559 
 207.93103448 -671.47588937 
 204.82758621 -671.47543254 
 201.72413793 -671.47497434 
 198.62068966 -671.47452213 
 195.51724138 -671.47408443 
 192.41379310 -671.47367450 
 189.31034483 -671.47331408 
 186.20689655 -671.47303794 
 183.10344828 -671.47287773 
 180.00000000 -671.47282911 