 270.00000000 -671.47697883 
 273.10344828 -671.47657310 
 276.20689655 -671.47612259 
 279.31034483 -671.47562415 
 282.41379310 -671.47507672 
 285.51724138 -671.47448007 
 288.62068966 -671.47383839 
 291.72413793 -671.47315099 
 294.82758621 -671.47242034 
 297.93103448 -671.47164841 
 301.03448276 -671.47083779 
 304.13793103 -671.46999150 
 307.24137931 -671.46911363 
 310.34482759 -671.46820944 
 313.44827586 -671.46728544 
 316.55172414 -671.46634904 
 319.65517241 -671.46540811 
 322.75862069 -671.46447055 
 325.86206897 -671.46354404 
 328.96551724 -671.46263568 
 332.06896552 -671.46175185 
 335.17241379 -671.46089798 
 338.27586207 -671.46007862 
 341.37931034 -671.45929722 
 344.48275862 -671.45855615 
 347.58620690 -671.45785699 
 350.68965517 -671.45720078 
 353.79310345 -671.45658776 
 356.89655172 -671.45601710 
 360.00000000 -671.45548754 