 19101.90  39.441395457757 
 29378.20 277401.006119174242 
 29661.20   3.409745097470 
 29727.00 49151.020397713517 
 39051.20   2.509794558891 
 40199.30 125.934062250960 
 40470.30  28.089608553341 
 40790.90   4.046306061836 
 43411.70   2.994700405980 
 43426.00 15740.876706360994 
 47018.10  39.288655539927 
 47531.10   0.565615008215 
 48864.20 1387.276792660750 
 48889.10   0.543051156717 
 49982.80 55304.646778795315 
 50013.60 39927.766436472310 
 50285.40  15.246003928754 
 51189.70 27186.768756969646 
 51958.70 421.834458149963 
 52089.00  20.484505798085 
 53087.80   3.167400653981 
 53835.90  35.161640316965 
 53964.80 214.293019915149 
 54264.80 16018.016995420599 
 54570.90   0.042741141779 
 55052.90 2878.083261756081 
 55148.30 20244.303401767062 
 55559.20 27588.214388730277 
 55643.60 1719.558144698033 
 56117.60 840.793760914861 