 20695.60   3.979916268006 
 28897.70 260823.979249144584 
 31828.00 15182.793034463884 
 31863.70   0.407451087621 
 37847.90   0.090038445880 
 40445.10   5.000496628053 
 40910.50   0.043608982221 
 42703.80 53774.420393293178 
 42838.90 129.893584268574 
 42903.00   4.223996392380 
 47227.30 318.915090506371 
 47519.60   0.737447415774 
 47587.80   0.042090261448 
 49391.00   0.185934814745 
 49597.50 7979.475019621221 
 49972.30  12.472168915318 
 50283.90 3808.076483803419 
 50543.90   0.067257634272 
 50908.30   0.927504472619 
 51068.20 90980.994583634791 
 51918.10 24411.205005373406 
 52379.20   1.270735367516 
 54373.50 33408.450751609867 
 55184.10   1.201091172028 
 55897.70   3.656645703280 
 56585.70 107.299792275681 
 56691.20 57412.631863820185 
 57268.60  10.980134235037 
 58092.20   0.821627938669 
 58559.40 1389.774437453450 