
 180.00000000 -671.51708690
 183.10344828 -671.51699103
 186.20689655 -671.51671572
 189.31034483 -671.51626836
 192.41379310 -671.51563763
 195.51724138 -671.51481540
 198.62068966 -671.51380710
 201.72413793 -671.51262203
 204.82758621 -671.51125506
 207.93103448 -671.50969942
 211.03448276 -671.50795665
 214.13793103 -671.50603464
 217.24137931 -671.50394625
 220.34482759 -671.50170572
 223.44827586 -671.49932185
 226.55172414 -671.49679974
 229.65517241 -671.49414648
 232.75862069 -671.49137239
 235.86206897 -671.48852451
 238.96551724 -671.48584838
 242.06896552 -671.48339633
 245.17241379 -671.48117365
 248.27586207 -671.47918334
 251.37931034 -671.47854226
 254.48275862 -671.47839553
 257.58620690 -671.47820007
 260.68965517 -671.47795713
 263.79310345 -671.47767022
 266.89655172 -671.47734370
 270.00000000 -671.47697883
 273.10344828 -671.47657310
 276.20689655 -671.47612259
 279.31034483 -671.47562415
 282.41379310 -671.47507672
 285.51724138 -671.47448007
 288.62068966 -671.47383839
 291.72413793 -671.47481284
 294.82758621 -671.47604711
 297.93103448 -671.47747107
 301.03448276 -671.47908092
 304.13793103 -671.48087166
 307.24137931 -671.48274328
 310.34482759 -671.48449970
 313.44827586 -671.48612644
 316.55172414 -671.48761672
 319.65517241 -671.48896505
 322.75862069 -671.49016894
 325.86206897 -671.49122170
 328.96551724 -671.49212348
 332.06896552 -671.49287312
 335.17241379 -671.49347014
 338.27586207 -671.49391434
 341.37931034 -671.49420568
 344.48275862 -671.49434425
 347.58620690 -671.49433017
 350.68965517 -671.49416367
 353.79310345 -671.49384494
 356.89655172 -671.49337413
 360.00000000 -671.49275148
